[0.10045465 0.07612404 0.04856656 0.03788518 0.07832267 0.04189047
 0.05553781 0.05033737 0.04251785 0.02523471 0.01477498 0.01418658
 0.01694061 0.0275443  0.00792322 0.00814482 0.00457843 0.00315628
 0.00510241 0.00375919 0.00587493 1.16504329 0.00497179 0.00513635
 0.00478243 0.00459729 0.00608849 0.00407378 0.0044529 ]
 (predict) - RMSE: [0.10032755 0.07580923 0.04839929 0.03793517 0.07779089 0.04326732
 0.056783   0.04984022 0.04220623 0.02508534 0.0147349  0.01419124
 0.01720001 0.02798452 0.00795826 0.00819023 0.00462063 0.0031993
 0.00509867 0.00387297 0.0059857  1.17857182 0.00494719 0.00513359
 0.0047779  0.00458653 0.00607691 0.00404052 0.00439728]
 
 
 
 
 
 
 (predict) - RMSE: [0.08668134 0.07381722 0.05098383 0.03887695 0.06370755 0.05974388
 0.08094977 0.03825864 0.04029073 0.03051024 0.02413846 0.0240994
 0.040442   0.06161319 0.00720988 0.00781364 0.00528196 0.00405408
 0.00584635 0.00581088 0.00844956 0.97918786 0.00361452 0.00405778
 0.00576812 0.00571568 0.00545278 0.00493114 0.00446413]
 
 [0.08847248 0.07541659 0.05215386 0.03989561 0.06437211 0.06116537
 0.08244068 0.03869051 0.04063943 0.03084103 0.02445049 0.0244506
 0.04097571 0.06215561 0.00725489 0.00786432 0.00534714 0.00412082
 0.00586924 0.00592152 0.00856744 0.98857879 0.00359489 0.00403602
 0.00576986 0.00571804 0.00547427 0.00494027 0.00446127]